00000001000000000000000000000000000000000
02222222022222022222022222222222222222220
02000002000202020200020000000000000002020
02022202220202220222222202222222022222020
02000200020000000200000200000202020000020
02220222022202220202220222222202022202220
00020002000202020002020000000000000202000
02022202220222022202022222220222222202223
02000200020000000202000000020200000000020
02220222220222220202220222020202222222020
02000000020200020200020202020202000002020
02022222220222020222020202222202220222020
02020000000002020002020200000000020200020
02020222222222022202020222022222220222020
02020200020002000002020002020000000002000
02220222020202022222022202022222222202220
02000000020202020200000200000200000000020
02222202220202020202220222022202222222220
00000202000202020202020202020002000000020
02220222022202020202020202222202022222020
00020000000202020002000000000002020200020
02222202222202022202222222022222020222220
02020002020002000200000002020000000002000
02020222022202020222220222020222222202020
02020200000202020200000200020200000202020
02020222220202020222220202222202222202220
02000002000202020000020202000002000000020
02222222022202022222022202020222022222220
02000000020002020000000002020202000002000
02220222220222022222222202220202022202220
00020200020200000002000200020200020200000
02020202220202222222022202220222220202220
02020200000202000000020002000000000202020
02220222220222020222022202022222220222020
02000000020000020202000200020000020200020
02022222022202220202222202220222020202220
02000202020200020200000002000202020202020
02220202020222220202222222022202020202020
00020002020000000200000200020002020002020
02222222022222222222222202222202222222020
00000000000000000000000000000000000000000

